[[0.  0.1 0.2 0.3 0.4 0.5 0.6 0.7 0.8 0.9 1. ]
 [0.  0.1 0.2 0.3 0.4 0.5 0.6 0.7 0.8 0.9 1. ]
 [0.  0.1 0.2 0.3 0.4 0.5 0.6 0.7 0.8 0.9 1. ]
 [0.  0.1 0.2 0.3 0.4 0.5 0.6 0.7 0.8 0.9 1. ]
 [0.  0.1 0.2 0.3 0.4 0.5 0.6 0.7 0.8 0.9 1. ]
 [0.  0.1 0.2 0.3 0.4 0.5 0.6 0.7 0.8 0.9 1. ]
 [0.  0.1 0.2 0.3 0.4 0.5 0.6 0.7 0.8 0.9 1. ]
 [0.  0.1 0.2 0.3 0.4 0.5 0.6 0.7 0.8 0.9 1. ]
 [0.  0.1 0.2 0.3 0.4 0.5 0.6 0.7 0.8 0.9 1. ]
 [0.  0.1 0.2 0.3 0.4 0.5 0.6 0.7 0.8 0.9 1. ]
 [0.  0.1 0.2 0.3 0.4 0.5 0.6 0.7 0.8 0.9 1. ]][[0.  0.  0.  0.  0.  0.  0.  0.  0.  0.  0. ]
 [0.1 0.1 0.1 0.1 0.1 0.1 0.1 0.1 0.1 0.1 0.1]
 [0.2 0.2 0.2 0.2 0.2 0.2 0.2 0.2 0.2 0.2 0.2]
 [0.3 0.3 0.3 0.3 0.3 0.3 0.3 0.3 0.3 0.3 0.3]
 [0.4 0.4 0.4 0.4 0.4 0.4 0.4 0.4 0.4 0.4 0.4]
 [0.5 0.5 0.5 0.5 0.5 0.5 0.5 0.5 0.5 0.5 0.5]
 [0.6 0.6 0.6 0.6 0.6 0.6 0.6 0.6 0.6 0.6 0.6]
 [0.7 0.7 0.7 0.7 0.7 0.7 0.7 0.7 0.7 0.7 0.7]
 [0.8 0.8 0.8 0.8 0.8 0.8 0.8 0.8 0.8 0.8 0.8]
 [0.9 0.9 0.9 0.9 0.9 0.9 0.9 0.9 0.9 0.9 0.9]
 [1.  1.  1.  1.  1.  1.  1.  1.  1.  1.  1. ]][[ 4.45536321  5.33916782  5.28429689  5.23207767  4.94859025  4.1901401
   4.36796688  4.39595347  3.88193933  3.45315611  3.27604171]
 [ 6.12891886  9.10397279  8.95746233  8.45998189  8.07377692  7.33976465
   6.60847833  5.85688919  5.49387125  5.09559345  4.36290177]
 [ 5.6303713   9.90265052  9.92113464  9.8114714   9.58905894  9.08836826
   8.36769952  7.4462254   6.52084841  5.68196008  4.82145103]
 [ 4.55535881  9.95740135  9.99253928  9.99876627  9.98717253  9.9072289
   9.62499249  9.06422275  8.25797957  7.1209434   6.04140706]
 [ 4.3743021   9.97019259  9.99993951  9.99999109  9.9997875   9.99575704
   9.96344629  9.77877798  9.0545065   7.94866471  6.51056654]
 [ 3.5949686   9.85514478  9.99999086 10.          9.99998894  9.99970852
   9.99293591  9.89820909  9.52718493  8.63450377  6.72788536]
 [ 3.50726502  9.80582034  9.99754603 10.          9.99999996  9.99989899
   9.99738825  9.94270172  9.57129763  8.50895715  6.53823223]
 [ 2.45873875  9.72192865  9.99750948  9.99999703 10.          9.99994191
   9.99851513  9.96186041  9.57002089  8.24665724  6.14053945]
 [ 1.66991316  9.10739334  9.94426048  9.99999634 10.          9.99998605
   9.99889879  9.95503165  9.48853612  7.7741666   5.3766626 ]
 [ 0.59450512  6.13116129  9.79420566  9.99998209 10.          9.99999931
   9.99940415  9.95651684  9.45230359  7.40621368  4.80125364]
 [ 4.0244611   0.14677839  1.53409746  7.34074003  9.99907089 10.
   9.99990361  9.98179066  9.52352623  7.40881926  4.50970675]][[9.42084210e-01 1.44139690e+00 1.14350243e+00 6.58836561e-01
  9.58586065e-01 9.47957923e-01 1.13179445e+00 1.18917106e+00
  1.07836653e+00 8.49260991e-01 8.28937249e-01]
 [8.11689618e-01 3.72173035e-01 3.40716347e-01 4.33227992e-01
  5.29481395e-01 4.29721597e-01 7.70812035e-01 6.70100511e-01
  6.66972985e-01 7.93013401e-01 7.86497666e-01]
 [9.59561626e-01 1.55797207e-01 6.06898116e-02 6.55773570e-02
  1.40551959e-01 2.41348313e-01 4.71182243e-01 5.91915737e-01
  8.52559381e-01 7.65068113e-01 7.57187011e-01]
 [9.24470608e-01 6.64466331e-02 1.80051675e-02 1.20734020e-03
  7.47946390e-03 4.20092790e-02 1.79750950e-01 3.97878094e-01
  5.05037726e-01 3.62788039e-01 9.20611550e-01]
 [9.51871871e-01 7.96630892e-02 1.05010194e-04 1.40830571e-05
  9.09828117e-05 2.37149724e-03 1.29759037e-02 8.39000954e-02
  3.16625838e-01 4.07055665e-01 7.87502436e-01]
 [8.12125058e-01 2.16043949e-01 2.37788356e-05 0.00000000e+00
  1.68969848e-05 1.08086041e-04 2.51507674e-03 3.92695826e-02
  1.75125484e-01 3.22986903e-01 7.78515565e-01]
 [8.46628656e-01 2.78144815e-01 6.04928015e-03 0.00000000e+00
  1.52455423e-07 3.98374403e-05 9.23346422e-04 1.93623755e-02
  1.05613523e-01 3.54243927e-01 6.75822230e-01]
 [9.93052231e-01 1.94431065e-01 7.03667236e-03 1.11147035e-05
  0.00000000e+00 4.09288555e-05 6.52858111e-04 1.04806561e-02
  1.46293509e-01 3.65648538e-01 6.90247101e-01]
 [1.11543149e+00 7.74803722e-01 1.79582803e-01 9.87997345e-06
  0.00000000e+00 1.61920441e-05 2.75521756e-04 1.52671947e-02
  1.70112008e-01 5.31336364e-01 6.48090776e-01]
 [5.81575330e-01 1.71723610e+00 4.39620255e-01 4.20868567e-05
  0.00000000e+00 5.98138683e-07 2.85651524e-04 1.17478367e-02
  1.60326753e-01 4.83974004e-01 7.41206409e-01]
 [2.35758055e+00 1.96381338e-01 8.55859709e-01 1.80306168e+00
  2.77501926e-03 0.00000000e+00 4.89232244e-05 6.92161315e-03
  1.42184971e-01 3.95996152e-01 1.66724357e+00]]