[[0.  0.1 0.2 0.3 0.4 0.5 0.6 0.7 0.8 0.9 1. ]
 [0.  0.1 0.2 0.3 0.4 0.5 0.6 0.7 0.8 0.9 1. ]
 [0.  0.1 0.2 0.3 0.4 0.5 0.6 0.7 0.8 0.9 1. ]
 [0.  0.1 0.2 0.3 0.4 0.5 0.6 0.7 0.8 0.9 1. ]
 [0.  0.1 0.2 0.3 0.4 0.5 0.6 0.7 0.8 0.9 1. ]
 [0.  0.1 0.2 0.3 0.4 0.5 0.6 0.7 0.8 0.9 1. ]
 [0.  0.1 0.2 0.3 0.4 0.5 0.6 0.7 0.8 0.9 1. ]
 [0.  0.1 0.2 0.3 0.4 0.5 0.6 0.7 0.8 0.9 1. ]
 [0.  0.1 0.2 0.3 0.4 0.5 0.6 0.7 0.8 0.9 1. ]
 [0.  0.1 0.2 0.3 0.4 0.5 0.6 0.7 0.8 0.9 1. ]
 [0.  0.1 0.2 0.3 0.4 0.5 0.6 0.7 0.8 0.9 1. ]][[0.  0.  0.  0.  0.  0.  0.  0.  0.  0.  0. ]
 [0.1 0.1 0.1 0.1 0.1 0.1 0.1 0.1 0.1 0.1 0.1]
 [0.2 0.2 0.2 0.2 0.2 0.2 0.2 0.2 0.2 0.2 0.2]
 [0.3 0.3 0.3 0.3 0.3 0.3 0.3 0.3 0.3 0.3 0.3]
 [0.4 0.4 0.4 0.4 0.4 0.4 0.4 0.4 0.4 0.4 0.4]
 [0.5 0.5 0.5 0.5 0.5 0.5 0.5 0.5 0.5 0.5 0.5]
 [0.6 0.6 0.6 0.6 0.6 0.6 0.6 0.6 0.6 0.6 0.6]
 [0.7 0.7 0.7 0.7 0.7 0.7 0.7 0.7 0.7 0.7 0.7]
 [0.8 0.8 0.8 0.8 0.8 0.8 0.8 0.8 0.8 0.8 0.8]
 [0.9 0.9 0.9 0.9 0.9 0.9 0.9 0.9 0.9 0.9 0.9]
 [1.  1.  1.  1.  1.  1.  1.  1.  1.  1.  1. ]][[9.66763139 9.88685385 9.86639575 9.85892988 9.79681681 9.71398291
  9.56527182 9.48086685 9.31479273 9.11418456 8.91215033]
 [9.29213403 9.95649241 9.94177297 9.91445177 9.80515752 9.7084931
  9.60650892 9.25104349 8.81778995 8.3688138  7.90493256]
 [9.23176772 9.98657299 9.96453253 9.92758528 9.86943735 9.77133053
  9.55405345 8.96231689 8.6425645  7.68531397 6.66226253]
 [8.60484539 9.99454403 9.98951986 9.97398482 9.87449476 9.76857333
  9.55045708 9.00648469 8.19931717 7.21399343 5.62749907]
 [8.94568843 9.99656042 9.99070582 9.97580735 9.94293356 9.82757044
  9.44921932 8.76760382 7.87550321 6.14849358 5.04436408]
 [8.39794605 9.99790307 9.99674834 9.97516995 9.93792943 9.79673772
  9.45564011 8.76696474 7.4463269  5.62335631 3.59246879]
 [7.47013151 9.99899476 9.99806554 9.99060335 9.96192925 9.85840493
  9.55873243 8.794913   6.8184187  4.52791519 2.76317277]
 [6.74465373 9.99182159 9.99929763 9.99278661 9.97470758 9.86887144
  9.5653168  8.26982273 6.34560506 3.61769501 2.37037446]
 [4.97830728 9.99853859 9.99949115 9.99610733 9.97114303 9.86010478
  9.52276657 8.19636542 5.66884231 3.11809807 1.31279889]
 [3.09471064 9.96193435 9.9993163  9.99801515 9.99154652 9.92821033
  9.57837564 8.14756028 5.11861112 2.55697267 1.21716815]
 [3.71672937 0.63545519 1.53373046 7.60887461 9.98541095 9.98057399
  9.75240552 8.50541383 5.70123741 2.50194408 1.48023291]][[1.88726693e-01 6.10111943e-02 7.46160553e-02 6.03508859e-02
  7.22632204e-02 1.23219926e-01 1.11322080e-01 2.30375011e-01
  2.58715956e-01 3.55643463e-01 3.06152578e-01]
 [7.07359096e-01 2.18578725e-02 2.94390982e-02 3.23031077e-02
  5.52948100e-02 9.77137755e-02 1.67228151e-01 2.76938485e-01
  3.83561613e-01 4.92954566e-01 7.72327488e-01]
 [4.84548870e-01 9.59775978e-03 2.91389284e-02 3.13705089e-02
  5.66411090e-02 1.05489134e-01 1.43459341e-01 3.97598085e-01
  4.52790698e-01 6.62108265e-01 6.75523680e-01]
 [8.99692725e-01 4.04879078e-03 6.52485460e-03 1.62327262e-02
  5.78361580e-02 7.04914969e-02 2.12637602e-01 3.79656683e-01
  5.08351517e-01 5.53920716e-01 1.07111085e+00]
 [5.72962238e-01 8.09124581e-03 1.16121757e-02 2.39335852e-02
  3.13462233e-02 5.83377979e-02 2.87271655e-01 3.57812197e-01
  6.01469662e-01 1.05920205e+00 1.19401780e+00]
 [1.08083805e+00 4.71863305e-03 2.26315609e-03 2.36024415e-02
  4.78721920e-02 8.67487558e-02 1.48939733e-01 4.22098108e-01
  7.80009599e-01 1.02610490e+00 9.48195451e-01]
 [1.15334387e+00 2.31672049e-03 1.17120263e-03 6.55644220e-03
  2.52545384e-02 5.02149976e-02 1.42285747e-01 5.33055591e-01
  7.61378406e-01 9.14528277e-01 1.45724890e+00]
 [1.55652100e+00 2.43386547e-02 4.18193077e-04 4.18665003e-03
  1.63081075e-02 3.92465834e-02 1.29502674e-01 4.99931946e-01
  1.11200677e+00 1.16848464e+00 1.27258857e+00]
 [2.15945349e+00 1.90865061e-03 4.40150903e-04 1.95237641e-03
  1.65299570e-02 5.22818764e-02 1.64366112e-01 6.66557885e-01
  7.22928020e-01 1.43402562e+00 6.74888667e-01]
 [1.50537744e+00 4.46106248e-02 4.76761003e-04 1.61706708e-03
  3.28654781e-03 3.68086946e-02 1.69420660e-01 5.47975596e-01
  8.27297710e-01 1.24680930e+00 8.47869802e-01]
 [2.50211022e+00 1.11170032e+00 1.11228610e+00 2.05645347e+00
  3.46254378e-02 8.59302982e-03 9.54125719e-02 3.36859569e-01
  1.17331398e+00 8.61566460e-01 9.92868025e-01]]