[[0.  0.1 0.2 0.3 0.4]
 [0.  0.1 0.2 0.3 0.4]
 [0.  0.1 0.2 0.3 0.4]
 [0.  0.1 0.2 0.3 0.4]
 [0.  0.1 0.2 0.3 0.4]
 [0.  0.1 0.2 0.3 0.4]
 [0.  0.1 0.2 0.3 0.4]
 [0.  0.1 0.2 0.3 0.4]
 [0.  0.1 0.2 0.3 0.4]
 [0.  0.1 0.2 0.3 0.4]
 [0.  0.1 0.2 0.3 0.4]][[0.  0.  0.  0.  0. ]
 [0.1 0.1 0.1 0.1 0.1]
 [0.2 0.2 0.2 0.2 0.2]
 [0.3 0.3 0.3 0.3 0.3]
 [0.4 0.4 0.4 0.4 0.4]
 [0.5 0.5 0.5 0.5 0.5]
 [0.6 0.6 0.6 0.6 0.6]
 [0.7 0.7 0.7 0.7 0.7]
 [0.8 0.8 0.8 0.8 0.8]
 [0.9 0.9 0.9 0.9 0.9]
 [1.  1.  1.  1.  1. ]][[3.15253473 0.75822925 0.09657957 0.17521635 1.01930267]
 [1.97812041 0.13409775 0.40825116 0.19689741 0.27711575]
 [0.18089715 0.46620002 0.25948832 0.32710897 0.35824146]
 [0.19329254 0.2805595  0.49981769 0.64708487 0.44885698]
 [0.28476994 0.16653456 0.56380302 0.33051847 0.39590807]
 [0.70189992 0.28823728 0.38285243 0.44259141 0.59494911]
 [0.39497324 0.31535768 0.87145024 0.47139719 0.5531232 ]
 [0.23426921 0.52582967 0.39040057 0.3678058  0.4103109 ]
 [0.58632399 0.6476748  0.72320299 1.35982712 0.63217705]
 [0.58924127 1.34133285 0.76234758 0.52426714 0.89125468]
 [0.41284203 0.56952388 0.6421023  1.33149893 0.61950779]][[2.24217702 1.44710539 0.10801494 0.20313716 1.87407534]
 [3.40418727 0.23760377 1.07566274 0.25627298 0.38776642]
 [0.31308529 0.91951398 0.44356638 0.47561751 0.48559663]
 [0.2808878  0.64192309 0.80615145 0.64637177 0.61594654]
 [0.2054203  0.19328851 0.65109725 0.50790969 0.50261614]
 [0.86295967 0.33873481 0.51109353 0.44261461 0.8034331 ]
 [0.36277235 0.45010577 1.19097504 0.52739093 0.63603013]
 [0.16399481 0.59178518 0.36175827 0.4344251  0.35427066]
 [0.39607326 0.71785133 0.72782724 2.35377234 0.6086691 ]
 [0.58915983 1.79722461 0.88048964 0.6521967  1.2644323 ]
 [0.40256339 0.56382264 0.62209947 2.47443503 0.64842377]]