[[0.  0.1 0.2 0.3 0.4 0.5 0.6 0.7 0.8 0.9 1. ]
 [0.  0.1 0.2 0.3 0.4 0.5 0.6 0.7 0.8 0.9 1. ]
 [0.  0.1 0.2 0.3 0.4 0.5 0.6 0.7 0.8 0.9 1. ]
 [0.  0.1 0.2 0.3 0.4 0.5 0.6 0.7 0.8 0.9 1. ]
 [0.  0.1 0.2 0.3 0.4 0.5 0.6 0.7 0.8 0.9 1. ]
 [0.  0.1 0.2 0.3 0.4 0.5 0.6 0.7 0.8 0.9 1. ]
 [0.  0.1 0.2 0.3 0.4 0.5 0.6 0.7 0.8 0.9 1. ]
 [0.  0.1 0.2 0.3 0.4 0.5 0.6 0.7 0.8 0.9 1. ]
 [0.  0.1 0.2 0.3 0.4 0.5 0.6 0.7 0.8 0.9 1. ]
 [0.  0.1 0.2 0.3 0.4 0.5 0.6 0.7 0.8 0.9 1. ]
 [0.  0.1 0.2 0.3 0.4 0.5 0.6 0.7 0.8 0.9 1. ]][[0.  0.  0.  0.  0.  0.  0.  0.  0.  0.  0. ]
 [0.1 0.1 0.1 0.1 0.1 0.1 0.1 0.1 0.1 0.1 0.1]
 [0.2 0.2 0.2 0.2 0.2 0.2 0.2 0.2 0.2 0.2 0.2]
 [0.3 0.3 0.3 0.3 0.3 0.3 0.3 0.3 0.3 0.3 0.3]
 [0.4 0.4 0.4 0.4 0.4 0.4 0.4 0.4 0.4 0.4 0.4]
 [0.5 0.5 0.5 0.5 0.5 0.5 0.5 0.5 0.5 0.5 0.5]
 [0.6 0.6 0.6 0.6 0.6 0.6 0.6 0.6 0.6 0.6 0.6]
 [0.7 0.7 0.7 0.7 0.7 0.7 0.7 0.7 0.7 0.7 0.7]
 [0.8 0.8 0.8 0.8 0.8 0.8 0.8 0.8 0.8 0.8 0.8]
 [0.9 0.9 0.9 0.9 0.9 0.9 0.9 0.9 0.9 0.9 0.9]
 [1.  1.  1.  1.  1.  1.  1.  1.  1.  1.  1. ]][[3.98115238 5.08117483 5.77009497 6.08246287 6.97258185 7.76419458
  7.71412817 8.44453893 8.20544286 8.8885502  9.1085902 ]
 [4.85933605 5.66760137 6.47953962 6.52355196 6.65604278 7.59679365
  8.00206401 8.20516371 8.87358505 8.82633325 9.03370282]
 [5.39612413 5.73168856 6.00848251 6.12395059 6.81609893 7.6525743
  8.13211425 8.85450545 8.53230826 8.98239893 8.48462921]
 [5.75419742 6.50294791 6.47005447 7.04901988 7.29504848 7.36899806
  8.11706387 8.28163567 8.84687487 9.15706557 9.15232794]
 [6.42647551 6.6696867  6.98518642 7.52398908 7.63414872 7.40312394
  7.99819291 8.2176389  8.66390146 8.91418168 9.19158457]
 [6.97374718 7.28115474 7.08267927 7.29142507 8.01528313 8.04987593
  8.72158951 8.60725493 9.21229033 8.64131639 9.16231305]
 [7.68448641 7.3528024  7.66508115 7.40684689 7.95207248 8.2801861
  8.462348   9.07644138 8.96712489 8.99299453 9.13297228]
 [7.83841603 7.9422442  8.23287353 8.61837584 8.44922052 8.78725899
  8.18879225 9.07507095 9.3442722  8.95781596 9.30823641]
 [8.95993966 8.77186945 7.52172867 8.64453348 8.76837055 8.82258352
  8.65529062 9.02582446 8.86278278 9.14672753 9.11069299]
 [8.56720963 8.83440977 9.05873039 8.70708272 8.5365693  8.88391634
  8.94020325 9.29879568 8.93750958 9.39096625 9.38639232]
 [9.2438756  8.81966061 8.85006149 9.17168726 8.92673552 9.21470933
  8.92297226 9.33647588 9.48010572 9.26053966 9.47839755]][[0.89079489 1.26206478 1.217677   0.88997483 0.98891082 1.18358204
  1.29465421 0.81860347 1.46723365 0.85719171 0.55969327]
 [1.06625313 1.01810381 1.05567387 0.94094727 1.14380711 1.14487776
  1.12701607 1.10215894 0.75932778 0.78695229 0.67413229]
 [0.85270399 1.25330412 1.00041465 0.96028235 1.15524376 0.95224199
  0.76150906 0.96372473 0.96602042 0.76403205 1.33518776]
 [1.49519486 1.28297225 1.1804996  1.21132709 1.22407461 1.20437111
  0.84877686 1.25885645 0.97177648 0.65634424 0.43205945]
 [1.09020615 1.5587092  1.33783914 1.10927767 1.10547661 1.5508681
  0.95908813 1.09311561 0.88606068 0.78184156 0.62551224]
 [1.63263292 1.38338089 1.15500477 0.89770272 1.14174464 1.07355367
  1.00846732 0.93282717 0.73041103 1.10662265 0.74575384]
 [1.02566849 1.51413781 1.41610206 0.91347448 1.0162542  1.18963287
  1.08295889 0.69531073 1.10495503 0.9888062  1.09718696]
 [1.10213386 0.78307105 0.58757473 0.87734229 0.83506732 0.69320215
  1.19828019 0.9091527  0.60599031 0.85172651 0.68374689]
 [0.79316748 0.89131345 1.3224229  0.72618706 1.21619776 0.99147207
  0.91292618 0.95125095 1.01779036 0.98410967 1.06928025]
 [1.13118935 0.88991367 0.67393052 0.67938746 1.31024333 0.72297775
  0.98479139 0.60902147 1.2328324  0.7062411  0.58549698]
 [0.46698555 0.91559844 1.21975285 0.64641324 1.00122282 0.71604378
  0.95665654 0.78434001 0.56416243 0.73418195 0.44564967]]