[[0.  0.1 0.2 0.3 0.4 0.5 0.6 0.7 0.8 0.9 1. ]
 [0.  0.1 0.2 0.3 0.4 0.5 0.6 0.7 0.8 0.9 1. ]
 [0.  0.1 0.2 0.3 0.4 0.5 0.6 0.7 0.8 0.9 1. ]
 [0.  0.1 0.2 0.3 0.4 0.5 0.6 0.7 0.8 0.9 1. ]
 [0.  0.1 0.2 0.3 0.4 0.5 0.6 0.7 0.8 0.9 1. ]
 [0.  0.1 0.2 0.3 0.4 0.5 0.6 0.7 0.8 0.9 1. ]
 [0.  0.1 0.2 0.3 0.4 0.5 0.6 0.7 0.8 0.9 1. ]
 [0.  0.1 0.2 0.3 0.4 0.5 0.6 0.7 0.8 0.9 1. ]
 [0.  0.1 0.2 0.3 0.4 0.5 0.6 0.7 0.8 0.9 1. ]
 [0.  0.1 0.2 0.3 0.4 0.5 0.6 0.7 0.8 0.9 1. ]
 [0.  0.1 0.2 0.3 0.4 0.5 0.6 0.7 0.8 0.9 1. ]][[0.  0.  0.  0.  0.  0.  0.  0.  0.  0.  0. ]
 [0.1 0.1 0.1 0.1 0.1 0.1 0.1 0.1 0.1 0.1 0.1]
 [0.2 0.2 0.2 0.2 0.2 0.2 0.2 0.2 0.2 0.2 0.2]
 [0.3 0.3 0.3 0.3 0.3 0.3 0.3 0.3 0.3 0.3 0.3]
 [0.4 0.4 0.4 0.4 0.4 0.4 0.4 0.4 0.4 0.4 0.4]
 [0.5 0.5 0.5 0.5 0.5 0.5 0.5 0.5 0.5 0.5 0.5]
 [0.6 0.6 0.6 0.6 0.6 0.6 0.6 0.6 0.6 0.6 0.6]
 [0.7 0.7 0.7 0.7 0.7 0.7 0.7 0.7 0.7 0.7 0.7]
 [0.8 0.8 0.8 0.8 0.8 0.8 0.8 0.8 0.8 0.8 0.8]
 [0.9 0.9 0.9 0.9 0.9 0.9 0.9 0.9 0.9 0.9 0.9]
 [1.  1.  1.  1.  1.  1.  1.  1.  1.  1.  1. ]][[6.14789692 8.28771874 9.42384068 9.66556847 9.96155816 9.99728781
  9.99521727 9.99054125 9.97851058 9.96199396 9.88677625]
 [8.49850248 8.3338782  9.44233976 9.63696405 9.96007481 9.99224877
  9.99426091 9.98379766 9.97257682 9.94497027 9.92129904]
 [9.23528744 9.37933055 9.75184649 9.90082625 9.92628923 9.98339052
  9.99342499 9.99213263 9.97311802 9.95489984 9.93964741]
 [9.89657941 9.82017972 9.90747398 9.78312275 9.95534796 9.89337385
  9.99518758 9.98873393 9.98514385 9.97321811 9.93641425]
 [9.94926049 9.96671615 9.9988597  9.9441315  9.98894156 9.99489456
  9.99011652 9.98971449 9.98654566 9.97354975 9.94716934]
 [9.80991592 9.89686618 9.99768357 9.99044132 9.99243262 9.99582074
  9.99327566 9.98987101 9.98062883 9.95823185 9.95016257]
 [9.96346589 9.99854916 9.99505486 9.99641936 9.99715601 9.99232508
  9.98727772 9.99118802 9.98861877 9.97059586 9.96237757]
 [9.99704016 9.99601509 9.99649983 9.99674867 9.99402653 9.99546351
  9.98538294 9.98572753 9.97941545 9.96845917 9.9636302 ]
 [9.99585427 9.9958247  9.9903526  9.9936395  9.99178917 9.99278637
  9.98102637 9.9773617  9.9762493  9.96656575 9.96006542]
 [9.99340173 9.9926597  9.98571771 9.99164847 9.98982098 9.99256416
  9.98493684 9.9779275  9.97417788 9.96331671 9.95802952]
 [9.98748531 9.98856963 9.99087196 9.98599212 9.98803914 9.98564133
  9.97598598 9.97417169 9.9669818  9.96939361 9.95026918]][[1.61933964e+00 1.05981132e+00 1.15401975e+00 6.85449629e-01
  7.02202723e-02 2.76222639e-03 5.62206737e-03 7.38374298e-03
  1.39561947e-02 2.19181397e-02 7.43679836e-02]
 [7.55881961e-01 1.42825510e+00 9.02777983e-01 1.09870389e+00
  1.18675515e-01 1.86625753e-02 2.95373851e-03 2.29337452e-02
  1.77829248e-02 5.26721435e-02 4.72231394e-02]
 [7.83761331e-01 8.96973162e-01 3.53272502e-01 2.75571619e-01
  1.63119075e-01 4.19044589e-02 5.91879577e-03 3.86172333e-03
  3.24372996e-02 2.89646616e-02 3.01187133e-02]
 [2.09544641e-01 2.65740661e-01 1.76809963e-01 5.54171612e-01
  1.47579658e-01 2.60673261e-01 3.34032623e-03 8.71967936e-03
  1.06498281e-02 1.56442093e-02 4.31369486e-02]
 [1.40806929e-01 7.99489080e-02 1.35316969e-03 1.44020228e-01
  2.01404873e-02 4.08395529e-03 1.07420832e-02 8.16075648e-03
  7.21935789e-03 1.91333630e-02 2.94700853e-02]
 [7.00741757e-01 3.61733177e-01 3.62986662e-03 2.13056649e-02
  1.23669816e-02 5.65268429e-03 7.37456263e-03 1.01539390e-02
  1.14954408e-02 4.98984777e-02 3.97872168e-02]
 [1.25631999e-01 9.72759722e-04 5.89973735e-03 2.96294674e-03
  1.83124088e-03 9.89847770e-03 1.22878969e-02 5.43885985e-03
  6.84589023e-03 1.92087920e-02 2.36944050e-02]
 [1.81798625e-03 2.97228856e-03 2.56361286e-03 2.61921717e-03
  6.06108768e-03 2.55024927e-03 7.40164512e-03 1.23864283e-02
  1.29191415e-02 2.08670939e-02 2.79265634e-02]
 [3.08537834e-03 2.99957295e-03 1.10396742e-02 6.74489757e-03
  6.54746771e-03 4.53138542e-03 2.61014191e-02 1.91852239e-02
  2.28579966e-02 2.43049867e-02 2.92476305e-02]
 [4.28021736e-03 5.07624138e-03 1.41839391e-02 6.97008887e-03
  6.63024410e-03 4.05351272e-03 1.09248590e-02 1.56101914e-02
  1.92077738e-02 2.14311193e-02 2.80045106e-02]
 [1.47625551e-02 8.82245813e-03 4.38927212e-03 1.21620792e-02
  7.92223917e-03 9.28276245e-03 2.85058767e-02 1.45590131e-02
  2.31787530e-02 2.19805857e-02 3.47600563e-02]]