[[ 20.  40.  60.  80. 100. 120. 140.]
 [ 20.  40.  60.  80. 100. 120. 140.]
 [ 20.  40.  60.  80. 100. 120. 140.]
 [ 20.  40.  60.  80. 100. 120. 140.]
 [ 20.  40.  60.  80. 100. 120. 140.]
 [ 20.  40.  60.  80. 100. 120. 140.]
 [ 20.  40.  60.  80. 100. 120. 140.]
 [ 20.  40.  60.  80. 100. 120. 140.]
 [ 20.  40.  60.  80. 100. 120. 140.]
 [ 20.  40.  60.  80. 100. 120. 140.]
 [ 20.  40.  60.  80. 100. 120. 140.]][[0.  0.  0.  0.  0.  0.  0. ]
 [0.1 0.1 0.1 0.1 0.1 0.1 0.1]
 [0.2 0.2 0.2 0.2 0.2 0.2 0.2]
 [0.3 0.3 0.3 0.3 0.3 0.3 0.3]
 [0.4 0.4 0.4 0.4 0.4 0.4 0.4]
 [0.5 0.5 0.5 0.5 0.5 0.5 0.5]
 [0.6 0.6 0.6 0.6 0.6 0.6 0.6]
 [0.7 0.7 0.7 0.7 0.7 0.7 0.7]
 [0.8 0.8 0.8 0.8 0.8 0.8 0.8]
 [0.9 0.9 0.9 0.9 0.9 0.9 0.9]
 [1.  1.  1.  1.  1.  1.  1. ]][[9.99823634 9.97284119 9.92109035 9.86095049 9.70286079 9.54171065
  9.02069986]
 [9.997467   9.98722859 9.96925913 9.88835161 9.70926836 9.38718733
  9.08056162]
 [9.9956585  9.9794419  9.97837076 9.91391865 9.83069503 9.55272527
  9.16372041]
 [9.99711603 9.99271124 9.98804959 9.89657509 9.88465945 9.506984
  9.53801913]
 [9.99936768 9.99891116 9.97931355 9.89674249 9.88837023 9.74628744
  9.27228461]
 [9.99995597 9.99777922 9.98887991 9.96406497 9.90518721 9.79920876
  9.58853336]
 [9.99999244 9.99981396 9.99160793 9.94687793 9.8913438  9.80759864
  9.57915449]
 [9.99999714 9.99932338 9.99492283 9.99042719 9.92126832 9.73629563
  9.53609018]
 [9.99996239 9.99984316 9.99494654 9.99155811 9.92641766 9.85003094
  9.59891843]
 [9.25749486 9.999869   9.99970371 9.99567721 9.97549171 9.86498959
  9.73488902]
 [2.46923058 6.10242998 9.24934679 9.96717986 9.97156288 9.85037696
  9.80976397]][[5.75065370e-04 1.48991541e-02 1.51274916e-02 4.38137066e-02
  1.31522250e-01 1.48214625e-01 2.20790489e-01]
 [8.00419641e-04 1.18269516e-02 1.82040356e-02 4.33820967e-02
  9.56739209e-02 1.25143176e-01 2.08731128e-01]
 [2.69521589e-03 1.24722183e-02 1.11426325e-02 1.07131671e-02
  7.13537151e-02 9.44048704e-02 3.73564297e-01]
 [2.83396230e-03 3.85811775e-03 5.31665641e-03 7.11453133e-02
  2.84955007e-02 2.20831214e-01 3.27124976e-01]
 [4.55435637e-04 8.49327503e-04 1.76780237e-02 9.66429833e-02
  6.47120571e-02 9.39825074e-02 2.02939636e-01]
 [4.47544962e-05 1.55512973e-03 8.28875709e-03 1.14922622e-02
  6.47609837e-02 3.13444198e-03 1.71252509e-01]
 [9.06604288e-07 5.91438207e-05 1.01140415e-02 5.52414536e-03
  3.16059616e-02 1.06247587e-01 2.20403580e-01]
 [3.72689126e-06 9.05518911e-04 5.57884381e-03 8.18970900e-03
  3.28886413e-02 5.77040299e-02 2.09535219e-01]
 [4.93810744e-05 1.23140119e-04 3.72213118e-03 5.91344137e-04
  3.50423489e-02 3.96004700e-02 1.92560944e-01]
 [9.63847430e-01 1.49183169e-04 2.28011873e-04 2.04752430e-03
  4.98901515e-03 7.04811164e-02 3.71264329e-02]
 [2.61455492e+00 3.66387964e+00 7.73689165e-01 2.04936004e-02
  3.39476008e-02 4.59781321e-02 8.39020987e-02]]