[[ 80.  83.  86.  89.  92.  95.  98. 101. 104. 107. 110. 113. 116. 119.
  122. 125. 128. 131. 134. 137. 140.]
 [ 80.  83.  86.  89.  92.  95.  98. 101. 104. 107. 110. 113. 116. 119.
  122. 125. 128. 131. 134. 137. 140.]
 [ 80.  83.  86.  89.  92.  95.  98. 101. 104. 107. 110. 113. 116. 119.
  122. 125. 128. 131. 134. 137. 140.]
 [ 80.  83.  86.  89.  92.  95.  98. 101. 104. 107. 110. 113. 116. 119.
  122. 125. 128. 131. 134. 137. 140.]
 [ 80.  83.  86.  89.  92.  95.  98. 101. 104. 107. 110. 113. 116. 119.
  122. 125. 128. 131. 134. 137. 140.]
 [ 80.  83.  86.  89.  92.  95.  98. 101. 104. 107. 110. 113. 116. 119.
  122. 125. 128. 131. 134. 137. 140.]
 [ 80.  83.  86.  89.  92.  95.  98. 101. 104. 107. 110. 113. 116. 119.
  122. 125. 128. 131. 134. 137. 140.]
 [ 80.  83.  86.  89.  92.  95.  98. 101. 104. 107. 110. 113. 116. 119.
  122. 125. 128. 131. 134. 137. 140.]
 [ 80.  83.  86.  89.  92.  95.  98. 101. 104. 107. 110. 113. 116. 119.
  122. 125. 128. 131. 134. 137. 140.]
 [ 80.  83.  86.  89.  92.  95.  98. 101. 104. 107. 110. 113. 116. 119.
  122. 125. 128. 131. 134. 137. 140.]
 [ 80.  83.  86.  89.  92.  95.  98. 101. 104. 107. 110. 113. 116. 119.
  122. 125. 128. 131. 134. 137. 140.]
 [ 80.  83.  86.  89.  92.  95.  98. 101. 104. 107. 110. 113. 116. 119.
  122. 125. 128. 131. 134. 137. 140.]
 [ 80.  83.  86.  89.  92.  95.  98. 101. 104. 107. 110. 113. 116. 119.
  122. 125. 128. 131. 134. 137. 140.]
 [ 80.  83.  86.  89.  92.  95.  98. 101. 104. 107. 110. 113. 116. 119.
  122. 125. 128. 131. 134. 137. 140.]][[0.7  0.7  0.7  0.7  0.7  0.7  0.7  0.7  0.7  0.7  0.7  0.7  0.7  0.7
  0.7  0.7  0.7  0.7  0.7  0.7  0.7 ]
 [0.72 0.72 0.72 0.72 0.72 0.72 0.72 0.72 0.72 0.72 0.72 0.72 0.72 0.72
  0.72 0.72 0.72 0.72 0.72 0.72 0.72]
 [0.74 0.74 0.74 0.74 0.74 0.74 0.74 0.74 0.74 0.74 0.74 0.74 0.74 0.74
  0.74 0.74 0.74 0.74 0.74 0.74 0.74]
 [0.76 0.76 0.76 0.76 0.76 0.76 0.76 0.76 0.76 0.76 0.76 0.76 0.76 0.76
  0.76 0.76 0.76 0.76 0.76 0.76 0.76]
 [0.78 0.78 0.78 0.78 0.78 0.78 0.78 0.78 0.78 0.78 0.78 0.78 0.78 0.78
  0.78 0.78 0.78 0.78 0.78 0.78 0.78]
 [0.8  0.8  0.8  0.8  0.8  0.8  0.8  0.8  0.8  0.8  0.8  0.8  0.8  0.8
  0.8  0.8  0.8  0.8  0.8  0.8  0.8 ]
 [0.82 0.82 0.82 0.82 0.82 0.82 0.82 0.82 0.82 0.82 0.82 0.82 0.82 0.82
  0.82 0.82 0.82 0.82 0.82 0.82 0.82]
 [0.84 0.84 0.84 0.84 0.84 0.84 0.84 0.84 0.84 0.84 0.84 0.84 0.84 0.84
  0.84 0.84 0.84 0.84 0.84 0.84 0.84]
 [0.86 0.86 0.86 0.86 0.86 0.86 0.86 0.86 0.86 0.86 0.86 0.86 0.86 0.86
  0.86 0.86 0.86 0.86 0.86 0.86 0.86]
 [0.88 0.88 0.88 0.88 0.88 0.88 0.88 0.88 0.88 0.88 0.88 0.88 0.88 0.88
  0.88 0.88 0.88 0.88 0.88 0.88 0.88]
 [0.9  0.9  0.9  0.9  0.9  0.9  0.9  0.9  0.9  0.9  0.9  0.9  0.9  0.9
  0.9  0.9  0.9  0.9  0.9  0.9  0.9 ]
 [0.92 0.92 0.92 0.92 0.92 0.92 0.92 0.92 0.92 0.92 0.92 0.92 0.92 0.92
  0.92 0.92 0.92 0.92 0.92 0.92 0.92]
 [0.94 0.94 0.94 0.94 0.94 0.94 0.94 0.94 0.94 0.94 0.94 0.94 0.94 0.94
  0.94 0.94 0.94 0.94 0.94 0.94 0.94]
 [0.96 0.96 0.96 0.96 0.96 0.96 0.96 0.96 0.96 0.96 0.96 0.96 0.96 0.96
  0.96 0.96 0.96 0.96 0.96 0.96 0.96]][[4.43190719 6.69200796 2.27216071 3.0061395  4.85804543 4.35012354
  1.57218606 2.36917448 0.74871773 2.0077378  2.34414928 1.3839365
  0.68269167 0.15133375 0.17866618 0.09706744 0.11443529 0.08846943
  0.1074567  0.04545315 0.15355574]
 [6.79896283 3.97631964 5.38028784 6.09180434 4.74629604 4.41089056
  4.53631503 4.81337591 5.75656412 4.2579849  6.84020042 1.53950981
  3.77819221 4.35728939 2.35737695 0.0954871  1.95233653 1.17045255
  0.79205863 1.11576651 0.05940279]
 [4.43203223 5.48341398 4.69404584 4.42798272 3.74567611 6.04887021
  6.00326041 5.06668994 4.23183391 6.11650673 4.9802016  4.08265449
  3.57036865 5.23300064 5.95485081 6.02406814 4.14596505 4.55943397
  4.12434779 3.12166859 0.51017029]
 [7.11669161 5.92428808 4.54011221 6.31888439 6.23510961 5.63724857
  4.65768409 6.68041877 6.99417831 5.42301091 6.14474658 6.17757468
  5.71878336 5.05160909 7.03831524 5.63973853 5.9756909  5.70167184
  6.36189832 6.83558202 3.71285684]
 [7.92309055 5.22852196 5.1622244  4.82118615 5.32952084 6.18693324
  6.37904391 5.53799558 5.332098   4.92697511 5.03137206 7.28344271
  3.60565172 6.38582641 7.79467084 5.35837815 8.58984303 6.68215431
  6.38042321 8.5148025  6.6149666 ]
 [8.56938768 6.4237947  6.32785114 3.91938146 4.4746926  6.7241018
  6.81999691 7.56991975 5.68103992 6.92264834 5.15960243 4.70324966
  4.22674007 7.73739986 5.87186396 8.01873718 5.73759368 3.92057815
  7.04204372 7.11606138 7.48868844]
 [4.75763156 5.11923887 6.13677601 3.05347862 6.40827998 4.85741887
  4.67928713 5.40628839 6.68613472 8.83429112 8.26696485 5.36498638
  4.64891179 7.70657611 6.69633391 4.29033327 7.27411771 6.33728791
  5.45434233 7.30104621 7.02729851]
 [9.17180551 3.01192316 4.88007501 6.71010655 4.66233586 6.0801746
  6.6906536  8.94435064 6.42040662 5.07490829 4.91421937 7.50668747
  6.0945582  6.11961499 5.63145756 6.7795267  4.49442462 6.54304194
  7.04873796 6.83774891 5.2342677 ]
 [6.23422201 7.04623719 7.33919849 5.06961271 7.87780248 5.1454354
  4.30657522 6.17209016 5.49699769 4.83312994 7.05021134 8.65812609
  6.00703861 5.53424781 7.13269666 6.03836955 6.86007112 7.56476718
  7.9152975  6.74441555 7.15369489]
 [6.17058782 6.58353429 7.15835094 5.80366191 5.5156331  6.33148356
  6.61034701 5.2706072  4.82727313 7.95304243 7.51090664 5.27569268
  6.87492867 4.53837653 4.6768994  6.7880453  5.93267532 8.81950565
  6.11107965 7.9382612  7.12995845]
 [8.01027461 5.90150293 4.13973359 6.99665928 5.47944057 4.11654023
  3.89407713 6.81282446 6.1534363  5.75531531 6.89812099 7.20580278
  7.17688417 7.61727027 5.23048584 6.90020967 5.39064995 6.40159426
  6.52645468 6.84757176 8.41453284]
 [4.88244858 5.01600416 4.91986629 4.40010209 6.69763207 6.15039498
  3.21091226 6.30222701 5.29426312 6.94394643 7.1778772  7.18052493
  5.15803356 5.24540754 7.59910547 5.83074382 9.12014412 7.67879619
  8.06342374 6.25242635 9.85604896]
 [3.62292525 5.4750301  6.35643012 5.50073999 5.5149637  4.3415247
  7.34721799 6.58906988 7.40389991 4.69640025 5.21731862 8.75980633
  5.22232916 8.37849001 8.63982551 5.15931402 5.44701087 7.31666792
  7.93812984 8.67654995 8.79385982]
 [5.64749627 3.17440323 7.44306703 6.53131164 4.65536854 5.54307718
  3.11723164 6.98792592 7.53039941 7.0731764  8.52661824 8.05680374
  6.7224559  5.67112264 5.89693047 8.39363197 7.19232513 6.45946966
  7.91580452 6.60703806 5.50736786]][[2.86948875 3.69784773 1.93254748 1.02160599 2.33032497 2.36930379
  1.7320478  2.38599059 0.99528658 3.27593676 3.89289656 2.11843001
  1.02923383 0.05775084 0.19952221 0.02973756 0.01994366 0.01932116
  0.04905941 0.02058861 0.14300241]
 [1.69861264 3.622451   2.1117665  3.2961554  2.65368871 2.52453868
  2.34290989 2.17508064 2.59060048 3.98249398 2.25037614 1.32843851
  3.9550847  2.88258507 3.8964812  0.02878518 2.5167054  1.19740853
  0.87850254 1.14624508 0.01662423]
 [2.19192982 2.96263787 0.92221787 2.64480888 0.55183826 2.03550362
  3.07190334 1.95914166 2.83289606 2.56644075 2.2436544  2.39186774
  2.6573356  2.71265795 3.66251003 3.71199858 2.37989219 2.72320749
  3.08374542 2.13568809 0.57323825]
 [1.95679665 2.46447998 1.32152482 1.88408096 1.91441656 2.39614823
  2.96063016 1.33604285 2.47788334 2.95126505 2.22021874 1.07360724
  3.16453172 0.9827813  1.32343398 2.17068585 1.92672104 1.1518927
  1.67018488 1.05283851 3.64694528]
 [1.29838976 2.97797687 1.75776402 1.9091412  2.43049559 2.6660973
  2.81269147 2.69581665 1.55210034 2.13617607 1.39845123 1.90520777
  1.63645188 2.51441898 1.29713005 3.15697123 1.42049734 1.71895426
  2.85982619 1.50110683 2.04369041]
 [1.03362364 1.92469296 1.31809754 3.11787726 2.70066212 1.94513688
  1.84482359 1.10020968 1.50871645 2.67956155 1.59193401 2.39469631
  1.87040077 1.69518459 1.92289526 2.44143976 1.27251115 1.53847763
  1.9499819  2.00798863 2.49484362]
 [1.37123354 2.52856221 2.09129931 1.45522015 0.9530534  2.72934502
  1.71634275 3.92298634 1.78536738 0.96482188 1.15330456 2.62621762
  2.1761131  1.08784082 1.68083797 1.89830784 2.27563202 3.79749904
  1.11467806 1.57045819 1.9756292 ]
 [0.87709484 1.91804197 1.94979027 2.03429763 3.02688896 2.73121946
  3.53824293 0.872887   2.55653275 3.35225755 1.79607164 2.33330423
  2.74973651 2.29602248 3.05815888 1.8946516  3.11402082 2.45955904
  2.42021376 1.83475606 1.99299116]
 [0.96465765 1.58390922 1.9018727  1.74742143 1.64669246 1.85922677
  1.78266486 1.92319817 2.87843386 2.62118506 2.22695935 1.19665059
  2.23035556 3.22288267 1.37478188 1.15761716 2.21348384 1.89796927
  1.92153959 1.29910808 1.561471  ]
 [2.50537461 2.18648428 2.43725156 1.04549519 1.49182473 3.40246885
  2.46301321 2.02940149 2.55217734 1.26140347 2.54522207 1.59497735
  3.44904254 2.85662693 3.39388018 1.42674244 1.12177333 1.20679568
  2.98421399 2.21470772 2.15631955]
 [2.86855584 3.70940171 3.07902173 1.30425691 2.70977195 1.84599506
  3.49839789 1.4382934  3.6955364  3.77426679 2.70884117 0.25257643
  2.46870334 1.6030427  2.4124365  2.37266032 2.7805841  2.02912752
  1.99874487 2.47801701 1.857998  ]
 [1.27808325 2.94342499 2.86626303 1.19616897 2.94530084 3.85126538
  2.04335201 1.53208618 1.19602799 2.28476775 1.69056776 2.14375071
  1.71990288 2.57921731 3.0981839  2.25988464 0.59093408 1.43212005
  1.29444834 1.19137641 0.17738132]
 [2.07091945 1.72762282 1.05924051 2.32319313 2.94705567 3.61254551
  1.46891861 2.76221263 1.65230199 1.93451669 3.19248724 0.88830855
  2.19796438 1.39563552 2.12886052 3.03381229 2.80667866 2.53400464
  2.09145266 1.01991355 1.20341145]
 [2.63166102 2.31093442 2.55816663 3.32801552 2.66358919 2.32198677
  1.63051198 3.31973671 2.30795982 3.77881468 1.11330357 1.62663949
  3.54119185 3.93207735 3.33348708 1.87685572 1.36328775 3.13430068
  3.14705649 1.42482569 2.70803632]]