[[130. 140. 150. 160. 170. 180.]
 [130. 140. 150. 160. 170. 180.]
 [130. 140. 150. 160. 170. 180.]
 [130. 140. 150. 160. 170. 180.]
 [130. 140. 150. 160. 170. 180.]
 [130. 140. 150. 160. 170. 180.]
 [130. 140. 150. 160. 170. 180.]][[0.47 0.47 0.47 0.47 0.47 0.47]
 [0.48 0.48 0.48 0.48 0.48 0.48]
 [0.49 0.49 0.49 0.49 0.49 0.49]
 [0.5  0.5  0.5  0.5  0.5  0.5 ]
 [0.51 0.51 0.51 0.51 0.51 0.51]
 [0.52 0.52 0.52 0.52 0.52 0.52]
 [0.53 0.53 0.53 0.53 0.53 0.53]][[9.73024199 9.99997522 9.94439113 9.85536532 9.79214879 9.80544921]
 [9.30331403 9.88882077 9.68337411 9.99964486 9.65980016 9.7000148 ]
 [9.78582043 9.70827133 9.65268701 9.73008048 9.94183496 9.97427741]
 [9.6608379  9.99999777 9.48819773 9.9999068  9.99516274 9.83758875]
 [9.45960066 9.41840432 9.54152135 9.7440729  9.76074188 9.64551219]
 [9.79071713 9.83326058 9.71140589 9.88874783 9.99717854 9.8660073 ]
 [9.46719563 9.33915473 9.94441955 9.25846102 9.71403676 9.90202981]][[4.74798299e-01 7.63266368e-05 2.07953206e-01 5.39629735e-01
  5.63740776e-01 5.38586399e-01]
 [1.04211467e+00 2.83394585e-01 7.89697218e-01 8.88203095e-04
  1.24590819e+00 7.92121409e-01]
 [4.53865087e-01 7.04709665e-01 7.12345112e-01 8.08263464e-01
  2.07388045e-01 5.55274650e-02]
 [7.61279563e-01 6.81076020e-06 9.55943348e-01 2.37322672e-04
  1.21160939e-02 3.85934591e-01]
 [9.21047082e-01 1.48800734e+00 7.14524135e-01 5.82559420e-01
  6.91552620e-01 7.47786152e-01]
 [3.49799911e-01 3.33478760e-01 7.35550294e-01 2.83366810e-01
  5.92114283e-03 2.76487117e-01]
 [5.97209997e-01 1.29072621e+00 2.07961240e-01 1.12949379e+00
  7.52736522e-01 2.43906172e-01]]