% function evaluation | noise-free fitness - Fopt (6,870000000000e+00) | best noise-free fitness - Fopt | measured fitness | best measured fitness | x1 | x2...
1 +2,068010336e+01 +2,068010336e+01 +2,755010336e+01 +2,755010336e+01 -1,6667e+00 -1,6667e+00 -1,6667e+00 -1,6667e+00 -1,6667e+00 -1,6667e+00 -1,6667e+00 -1,6667e+00 -1,6667e+00 -1,6667e+00
2 +1,268446258e+01 +1,268446258e+01 +1,955446258e+01 +1,955446258e+01 -1,6667e+00 -1,6667e+00 -1,6667e+00 -1,6667e+00 -1,6667e+00 -1,6667e+00 -1,6667e+00 -1,6667e+00 -1,6667e+00 +1,6667e+00
8 +7,114235727e+00 +7,114235727e+00 +1,398423573e+01 +1,398423573e+01 -1,6667e+00 -1,6667e+00 -1,6667e+00 -1,6667e+00 -1,6667e+00 -1,6667e+00 -1,6667e+00 +1,6667e+00 +1,6667e+00 +1,6667e+00
28 +5,973593487e+00 +5,973593487e+00 +1,284359349e+01 +1,284359349e+01 -1,6667e+00 -1,6667e+00 -1,6667e+00 -1,6667e+00 -1,6667e+00 +1,6667e+00 +1,6667e+00 -1,6667e+00 +1,6667e+00 +1,6667e+00
73 +2,656256926e+00 +2,656256926e+00 +9,526256926e+00 +9,526256926e+00 -1,6667e+00 -1,6667e+00 -1,6667e+00 +1,6667e+00 -1,6667e+00 -1,6667e+00 +1,6667e+00 -1,6667e+00 -1,6667e+00 -1,6667e+00
104 +2,409113332e+00 +2,409113332e+00 +9,279113332e+00 +9,279113332e+00 -1,6667e+00 -1,6667e+00 -1,6667e+00 -1,6667e+00 -1,6667e+00 -1,6667e+00 +1,6667e+00 -4,1038e+00 -1,6667e+00 +1,6667e+00
12245 +1,216418021e+00 +1,216418021e+00 +8,086418021e+00 +8,086418021e+00 +1,6667e+00 +7,4732e-01 -3,4736e+00 +3,9058e+00 +1,6667e+00 +1,6667e+00 +2,1815e+00 -1,6849e+00 -1,6667e+00 +2,4443e+00
42246 +9,078559000e-01 +9,078559000e-01 +7,777855900e+00 +7,777855900e+00 +1,6668e+00 +1,6646e+00 +1,6638e+00 +1,6658e+00 +1,6755e+00 -8,1084e-01 +9,6563e-01 -1,5864e+00 -2,5151e+00 -1,6667e+00
45395 +5,925651061e-01 +5,925651061e-01 +7,462565106e+00 +7,462565106e+00 +1,6522e+00 +1,6646e+00 +1,6638e+00 +1,6658e+00 +1,6755e+00 -8,1084e-01 +9,6563e-01 -1,5864e+00 -2,5151e+00 -1,6667e+00
